00000000
00000000
00000000
00000000
00000000
00000000
00000000
00000000
00000000
00000011
00000010
00000000
00000000
10000000
10101001
10000000
11110110
10000001
01000100
10000001
10101100
10000010
00100110
10000010
10000100
10000010
10001101
10000010
00101110
10000001
10000110
10000000
11010000
10000000
00110000
01111111
10100000
01111111
00000101
01111110
01100000
01111101
11010011
01111101
10001111
01111101
10101010
01111110
00001110
01111110
10000111
01111110
11100101
01111111
00011101
01111111
01001101
01111111
10100101
10000000
00111000
10000000
11100000
10000001
01011100
10000001
10000001
10000001
01100111
10000001
01001000
10000001
01001010
10000001
01011101
10000001
01010111
10000001
00101000
10000000
11101101
10000000
11001111
10000000
11010110
10000000
11100011
10000000
11010000
10000000
10010101
10000000
01010011
10000000
00101101
10000000
00101001
10000000
00101110
10000000
00100011
10000000
00001000
01111111
11111001
10000000
00001110
10000000
00111011
10000000
01011010
10000000
01001001
10000000
00001001
01111111
11000101
01111111
10101110
01111111
11010110
10000000
00100100
10000000
01110000
10000000
10101001
10000000
11011011
10000001
00010110
10000001
01010111
10000001
10000011
10000001
10000011
10000001
01010111
10000001
00010001
10000000
11000011
10000000
01110100
10000000
00011111
10000000
10101001
10000000
11110110
10000001
01000100
10000001
10101100
10000010
00100110
10000010
10000100
10000010
10001101
10000010
00101110
10000001
10000110
10000000
11010000
10000000
00110000
01111111
10100000
01111111
00000101
01111110
01100000
01111101
11010011
01111101
10001111
01111101
10101010
01111110
00001110
01111110
10000111
01111110
11100101
01111111
00011101
01111111
01001101
01111111
10100101
10000000
00111000
10000000
11100000
10000001
01011100
10000001
10000001
10000001
01100111
10000001
01001000
10000001
01001010
10000001
01011101
10000001
01010111
10000001
00101000
10000000
11101101
10000000
11001111
10000000
11010110
10000000
11100011
10000000
11010000
10000000
10010101
10000000
01010011
10000000
00101101
10000000
00101001
10000000
00101110
10000000
00100011
10000000
00001000
01111111
11111001
10000000
00001110
10000000
00111011
10000000
01011010
10000000
01001001
10000000
00001001
01111111
11000101
01111111
10101110
01111111
11010110
10000000
00100100
10000000
01110000
10000000
10101001
10000000
11011011
10000001
00010110
10000001
01010111
10000001
10000011
10000001
10000011
10000001
01010111
10000001
00010001
10000000
11000011
10000000
01110100
10000000
00011111
10000000
10101001
10000000
11110110
10000001
01000100
10000001
10101100
10000010
00100110
10000010
10000100
10000010
10001101
10000010
00101110
10000001
10000110
10000000
11010000
10000000
00110000
01111111
10100000
01111111
00000101
01111110
01100000
01111101
11010011
01111101
10001111
01111101
10101010
01111110
00001110
01111110
10000111
01111110
11100101
01111111
00011101
01111111
01001101
01111111
10100101
10000000
00111000
10000000
11100000
10000001
01011100
10000001
10000001
10000001
01100111
10000001
01001000
10000001
01001010
10000001
01011101
10000001
01010111
10000001
00101000
10000000
11101101
10000000
11001111
10000000
11010110
10000000
11100011
10000000
11010000
10000000
10010101
10000000
01010011
10000000
00101101
10000000
00101001
10000000
00101110
10000000
00100011
10000000
00001000
01111111
11111001
10000000
00001110
10000000
00111011
10000000
01011010
10000000
01001001
10000000
00001001
01111111
11000101
01111111
10101110
01111111
11010110
10000000
00100100
10000000
01110000
10000000
10101001
10000000
11011011
10000001
00010110
10000001
01010111
10000001
10000011
10000001
10000011
10000001
01010111
10000001
00010001
10000000
11000011
10000000
01110100
10000000
00011111
10000000
10101001
10000000
11110110
10000001
01000100
10000001
10101100
10000010
00100110
10000010
10000100
10000010
10001101
10000010
00101110
10000001
10000110
10000000
11010000
10000000
00110000
01111111
10100000
01111111
00000101
01111110
01100000
01111101
11010011
01111101
10001111
01111101
10101010
01111110
00001110
01111110
10000111
01111110
11100101
01111111
00011101
01111111
01001101
01111111
10100101
10000000
00111000
10000000
11100000
10000001
01011100
10000001
10000001
10000001
01100111
10000001
01001000
10000001
01001010
10000001
01011101
10000001
01010111
10000001
00101000
10000000
11101101
10000000
11001111
10000000
11010110
10000000
11100011
10000000
11010000
10000000
10010101
10000000
01010011
10000000
00101101
10000000
00101001
10000000
00101110
10000000
00100011
10000000
00001000
01111111
11111001
10000000
00001110
10000000
00111011
10000000
01011010
10000000
01001001
10000000
00001001
01111111
11000101
01111111
10101110
01111111
11010110
10000000
00100100
10000000
01110000
10000000
10101001
10000000
11011011
10000001
00010110
10000001
01010111
10000001
10000011
10000001
10000011
10000001
01010111
10000001
00010001
10000000
11000011
10000000
01110100
10000000
00011111
10000000
10101001
10000000
11110110
10000001
01000100
10000001
10101100
10000010
00100110
10000010
10000100
10000010
10001101
10000010
00101110
10000001
10000110
10000000
11010000
10000000
00110000
01111111
10100000
01111111
00000101
01111110
01100000
01111101
11010011
01111101
10001111
01111101
10101010
01111110
00001110
01111110
10000111
01111110
11100101
01111111
00011101
01111111
01001101
01111111
10100101
10000000
00111000
10000000
11100000
10000001
01011100
10000001
10000001
10000001
01100111
10000001
01001000
10000001
01001010
10000001
01011101
10000001
01010111
10000001
00101000
10000000
11101101
10000000
11001111
10000000
11010110
10000000
11100011
10000000
11010000
10000000
10010101
10000000
01010011
10000000
00101101
10000000
00101001
10000000
00101110
10000000
00100011
10000000
00001000
01111111
11111001
10000000
00001110
10000000
00111011
10000000
01011010
10000000
01001001
10000000
00001001
01111111
11000101
01111111
10101110
01111111
11010110
10000000
00100100
10000000
01110000
10000000
10101001
10000000
11011011
10000001
00010110
10000001
01010111
10000001
10000011
10000001
10000011
10000001
01010111
10000001
00010001
10000000
11000011
10000000
01110100
10000000
00011111