00000000
00000000
00000000
00000000
00000000
00000000
00000000
00000000
00000000
00000001
00000001
00000000
00000001
10000000
10101001
10000000
11110110
10000001
01000100
10000001
10101100
10101001
10000000
11110110
10000001
01000100
10000001
10101100
10101001
10000000
11110110
10000001
01000100
10000001
10101100
10101001
10000000
11110110
10000001
01000100
10000001
10101100
10101001
10000000
11110110
10000001
01000100
10000001
10101100
10101001
10000000
11110110
10000001
01000100
10000001
10101100
10101001
10000000
11110110
10000001
01000100
10000001
10101100
10101001
10000000
11110110
10000001
01000100
10000001
10101100
10101001
10000000
11110110
10000001
01000100
10000001
10101100
10101001
10000000
11110110
10000001
01000100
10000001
10101100
10101001
10000000
11110110
10000001
01000100
10000001
10101100
10101001
10000000
11110110
10000001
01000100
10000001
10101100
10101001
10000000
11110110
10000001
01000100
10000001
10101100
10101001
10000000
11110110
10000001
01000100
10000001
10101100
10101001
10000000
11110110
10000001
01000100
10000001
10101100